23 33
24 33
25 33
26 33
27 33
28 33
29 33
30 33
31 33
32 33
33 33
34 33
35 33
36 33
37 33
38 33
39 33
40 33
41 33
42 33
43 33
44 33
45 33
46 33
46 33
47 33
48 33
49 33
50 33
51 33
52 33
53 33
54 33
55 33
56 33
57 33
58 33
59 33
60 33
61 33
62 33
63 33
64 33
65 33
64 33
63 33
62 33
61 33
60 33
59 33
58 33
57 33
56 33
55 33
54 33
53 33
52 33
51 33
50 33
49 33
48 33
47 33
46 33
45 33
44 33
43 33
42 33
41 33
40 33
39 33
38 33
37 33
36 33
35 33
34 33
33 33
32 33
31 33
30 33
29 33
28 33
27 33
26 33
25 33
24 33
23 33
24 33
25 33
26 33
27 33
28 33
29 33
30 33
31 33
32 33
33 33
34 33
35 33
36 33
37 33
38 33
39 33
40 33
41 33
42 33
43 33
44 33
45 33
46 33
46 33
47 33
48 33
49 33
50 33
51 33
52 33
53 33
54 33
55 33
56 33
57 33
58 33
59 33
60 33
61 33
62 33
63 33
64 33
65 33
64 33
63 33
62 33
61 33
60 33
59 33
58 33
57 33
56 33
55 33
54 33
53 33
52 33
51 33
50 33
49 33
48 33
47 33
46 33
45 33
44 33
43 33
42 33
41 33
40 33
39 33
38 33
37 33
36 33
35 33
34 33
33 33
32 33
31 33
30 33
29 33
28 33
27 33
26 33
25 33
24 33
23 33